#SAVE_TIME 
26/11/2017 21:51:42 

#ACTIVE_PLAYER_ID 
1 

#ACTIVE_UNIT_ID 
3 

#MAP 
8 20 
N -1 -1 -1 -1 0 
N -1 -1 -1 -1 0 
V -1 -1 -1 -1 0 
N -1 -1 -1 -1 0 
N -1 -1 -1 -1 0 
N -1 -1 -1 -1 0 
N -1 -1 -1 -1 0 
N -1 -1 -1 -1 0 
N -1 -1 -1 -1 0 
N -1 -1 -1 -1 0 
N -1 -1 -1 -1 0 
N -1 -1 -1 -1 0 
N -1 -1 -1 -1 0 
N -1 -1 -1 -1 0 
N -1 -1 -1 -1 0 
N -1 -1 -1 -1 0 
N -1 -1 -1 -1 0 
V -1 -1 -1 -1 0 
C 3 2 10 2 0 
N -1 -1 -1 -1 0 
N -1 -1 -1 -1 0 
N -1 -1 -1 -1 0 
N -1 -1 -1 -1 0 
N -1 -1 -1 -1 0 
N -1 -1 -1 -1 0 
N -1 -1 -1 -1 0 
N -1 -1 -1 -1 0 
N -1 -1 -1 -1 0 
N -1 -1 -1 -1 0 
N -1 -1 -1 -1 0 
N -1 -1 -1 -1 0 
V -1 -1 -1 -1 0 
N -1 -1 -1 -1 0 
N -1 -1 -1 -1 0 
N -1 -1 -1 -1 0 
N -1 -1 -1 -1 0 
N -1 -1 -1 -1 0 
C 2 2 8 2 0 
T 0 2 2 2 0 
C 1 2 7 2 0 
V -1 -1 -1 -1 0 
N -1 -1 -1 -1 0 
N -1 -1 -1 -1 0 
N -1 -1 -1 -1 0 
N -1 -1 -1 -1 0 
V -1 -1 -1 -1 0 
N -1 -1 -1 -1 0 
N -1 -1 -1 -1 0 
N -1 -1 -1 -1 0 
N -1 -1 -1 -1 0 
N -1 -1 -1 -1 0 
N -1 -1 -1 -1 0 
N -1 -1 -1 -1 0 
N -1 -1 -1 -1 0 
N -1 -1 -1 -1 0 
N -1 -1 -1 -1 0 
N -1 -1 -1 -1 0 
N -1 -1 -1 -1 0 
C 3 2 9 2 0 
N -1 -1 -1 -1 0 
N -1 -1 -1 -1 0 
N -1 -1 -1 -1 0 
V -1 -1 -1 -1 0 
N -1 -1 -1 -1 0 
N -1 -1 -1 -1 0 
N -1 -1 -1 -1 0 
N -1 -1 -1 -1 0 
V -1 -1 -1 -1 0 
N -1 -1 -1 -1 0 
N -1 -1 -1 -1 0 
N -1 -1 -1 -1 0 
N -1 -1 -1 -1 0 
N -1 -1 -1 -1 0 
N -1 -1 -1 -1 0 
N -1 -1 -1 -1 0 
N -1 -1 -1 -1 0 
N -1 -1 -1 -1 0 
N -1 -1 -1 -1 0 
N -1 -1 -1 -1 0 
N -1 -1 -1 -1 0 
N -1 -1 -1 -1 0 
N 0 -1 1 1 0 
N -1 -1 -1 -1 0 
N -1 -1 -1 -1 0 
N -1 -1 -1 -1 0 
N -1 -1 -1 -1 0 
N -1 -1 -1 -1 0 
N -1 -1 -1 -1 0 
N -1 -1 -1 -1 0 
N -1 -1 -1 -1 0 
N -1 -1 -1 -1 0 
N -1 -1 -1 -1 0 
N -1 -1 -1 -1 0 
N -1 -1 -1 -1 0 
N -1 -1 -1 -1 0 
N -1 -1 -1 -1 0 
N -1 -1 -1 -1 0 
N -1 -1 -1 -1 0 
N -1 -1 -1 -1 0 
N -1 -1 -1 -1 0 
N -1 -1 -1 -1 0 
C 1 1 6 1 0 
N -1 -1 -1 -1 0 
N -1 -1 -1 -1 0 
N -1 -1 -1 -1 0 
N -1 -1 -1 -1 0 
N -1 -1 -1 -1 0 
N -1 -1 -1 -1 0 
V -1 -1 -1 -1 0 
N -1 -1 -1 -1 0 
N -1 -1 -1 -1 0 
N -1 -1 -1 -1 0 
N -1 -1 -1 -1 0 
N -1 -1 -1 -1 0 
N -1 -1 -1 -1 0 
N -1 -1 -1 -1 0 
N -1 -1 -1 -1 0 
N -1 -1 -1 -1 0 
N -1 -1 -1 -1 0 
N -1 -1 -1 -1 0 
C 1 1 4 1 0 
T -1 1 -1 -1 0 
C 2 1 3 1 0 
N -1 -1 -1 -1 0 
N -1 -1 -1 -1 0 
V -1 -1 -1 -1 0 
N -1 -1 -1 -1 0 
N -1 -1 -1 -1 0 
N -1 -1 -1 -1 0 
N -1 -1 -1 -1 0 
V -1 -1 -1 -1 0 
N -1 -1 -1 -1 0 
N -1 -1 -1 -1 0 
N -1 -1 -1 -1 0 
V -1 -1 -1 -1 0 
N -1 -1 -1 -1 0 
V -1 -1 -1 -1 0 
N -1 -1 -1 -1 0 
N -1 -1 -1 -1 0 
N -1 -1 -1 -1 0 
N -1 -1 -1 -1 0 
C 3 1 5 1 0 
N -1 -1 -1 -1 0 
N -1 -1 -1 -1 0 
N -1 -1 -1 -1 0 
N -1 -1 -1 -1 0 
N -1 -1 -1 -1 0 
N -1 -1 -1 -1 0 
N -1 -1 -1 -1 0 
N -1 -1 -1 -1 0 
N -1 -1 -1 -1 0 
N -1 -1 -1 -1 0 
N -1 -1 -1 -1 0 
N -1 -1 -1 -1 0 
N -1 -1 -1 -1 0 
N -1 -1 -1 -1 0 
N -1 -1 -1 -1 0 
N -1 -1 -1 -1 0 
N -1 -1 -1 -1 0 
N -1 -1 -1 -1 0 

#MOVE_STACK 
1 
1 2 6 1 -1 

#PLAYER 
2 
1 1 0 0 4 1 4 3 4 5 6 
2 1 1 0 4 2 4 7 8 9 10 

#UNIT 
10 
1 1 1 0 30 30 5 2 0 1 4 1 0 0 
2 2 1 0 30 30 5 2 2 1 1 18 0 0 
3 1 1 2 20 20 3 3 3 1 6 2 4 0 
4 1 0 1 20 20 4 2 2 1 6 0 5 0 
5 1 0 3 20 20 3 1 1 1 7 1 5 4 
6 1 0 1 20 20 4 2 2 1 5 1 5 0 
7 2 0 1 20 20 4 2 2 1 1 19 5 0 
8 2 1 2 20 20 3 3 3 1 1 17 4 0 
9 2 0 3 20 20 3 1 1 1 2 18 5 4 
10 2 0 3 20 20 3 1 1 1 0 18 5 4 

#TURN_QUEUE 
1 2 1 0