#SAVE_TIME 
24/11/2017 17:10:51 

#ACTIVE_PLAYER_ID 
1 

#ACTIVE_UNIT_ID 
1 

#MAP 
10 10 
N -1 -1 -1 -1 0 
N -1 -1 -1 -1 0 
N -1 -1 -1 -1 0 
N -1 -1 -1 -1 0 
N -1 -1 -1 -1 0 
N -1 -1 -1 -1 0 
V -1 -1 -1 -1 0 
N -1 -1 -1 -1 0 
C -1 2 -1 -1 0 
N -1 -1 -1 -1 0 
N -1 -1 -1 -1 0 
N -1 -1 -1 -1 0 
V -1 -1 -1 -1 0 
V -1 -1 -1 -1 0 
N -1 -1 -1 -1 0 
N -1 -1 -1 -1 0 
N -1 -1 -1 -1 0 
C -1 2 -1 -1 0 
T 0 2 2 2 0 
C -1 2 -1 -1 0 
N -1 -1 -1 -1 0 
N -1 -1 -1 -1 0 
N -1 -1 -1 -1 0 
N -1 -1 -1 -1 0 
N -1 -1 -1 -1 0 
N -1 -1 -1 -1 0 
N -1 -1 -1 -1 0 
N -1 -1 -1 -1 0 
C -1 2 -1 -1 0 
V -1 -1 -1 -1 0 
N -1 -1 -1 -1 0 
N -1 -1 -1 -1 0 
N -1 -1 -1 -1 0 
N -1 -1 -1 -1 0 
N -1 -1 -1 -1 0 
N -1 -1 -1 -1 0 
N -1 -1 -1 -1 0 
N -1 -1 -1 -1 0 
N -1 -1 -1 -1 0 
N -1 -1 -1 -1 0 
N -1 -1 -1 -1 0 
N -1 -1 -1 -1 0 
N -1 -1 -1 -1 0 
N -1 -1 -1 -1 0 
V -1 -1 -1 -1 0 
N -1 -1 -1 -1 0 
N -1 -1 -1 -1 0 
N -1 -1 -1 -1 0 
N -1 -1 -1 -1 0 
N -1 -1 -1 -1 0 
V -1 -1 -1 -1 0 
N -1 -1 -1 -1 0 
N -1 -1 -1 -1 0 
N -1 -1 -1 -1 0 
N -1 -1 -1 -1 0 
N -1 -1 -1 -1 0 
N -1 -1 -1 -1 0 
N -1 -1 -1 -1 0 
N -1 -1 -1 -1 0 
N -1 -1 -1 -1 0 
N -1 -1 -1 -1 0 
N 0 -1 1 1 0 
N -1 -1 -1 -1 0 
N -1 -1 -1 -1 0 
N -1 -1 -1 -1 0 
N -1 -1 -1 -1 0 
N -1 -1 -1 -1 0 
N -1 -1 -1 -1 0 
N -1 -1 -1 -1 0 
V -1 -1 -1 -1 0 
N -1 -1 -1 -1 0 
C -1 1 -1 -1 0 
N -1 -1 -1 -1 0 
N -1 -1 -1 -1 0 
N -1 -1 -1 -1 0 
V -1 -1 -1 -1 0 
N -1 -1 -1 -1 0 
N -1 -1 -1 -1 0 
N -1 -1 -1 -1 0 
N -1 -1 -1 -1 0 
C -1 1 -1 -1 0 
T -1 1 -1 -1 0 
C -1 1 -1 -1 0 
N -1 -1 -1 -1 0 
N -1 -1 -1 -1 0 
N -1 -1 -1 -1 0 
N -1 -1 -1 -1 0 
N -1 -1 -1 -1 0 
N -1 -1 -1 -1 0 
N -1 -1 -1 -1 0 
N -1 -1 -1 -1 0 
C -1 1 -1 -1 0 
N -1 -1 -1 -1 0 
N -1 -1 -1 -1 0 
N -1 -1 -1 -1 0 
V -1 -1 -1 -1 0 
N -1 -1 -1 -1 0 
N -1 -1 -1 -1 0 
V -1 -1 -1 -1 0 
N -1 -1 -1 -1 0 

#MOVE_STACK 
1 
1 2 8 1 -1 

#PLAYER 
2 
1 1 20 0 0 1 0 
2 1 20 0 0 2 0 

#UNIT 
2 
1 1 1 0 30 30 5 2 0 1 6 1 0 0 
2 2 1 0 30 30 5 2 2 1 1 8 0 0 

#TURN_QUEUE 
1 2 1 0